
%liczba neuronów ukrytych: 7, liczba wejœæ sieci: 4
%wejœcie 1: u(k-3)
%wejœcie 2: u(k-4)
%wejœcie 3: y(k-1)
%wejœcie 4: y(k-2)
%uczenie w trybie OE
w10(1,1)=2.5677474649e-001; w1(1,1)=-2.9769612708e-001; w1(1,2)=6.9008805905e-003; w1(1,3)=-4.6014988866e-001; w1(1,4)=7.6107798707e-001; 
w10(2,1)=2.0093349056e+000; w1(2,1)=-3.6219756414e-001; w1(2,2)=2.7086555977e+000; w1(2,3)=7.6995828836e-001; w1(2,4)=-6.3986002157e-001; 
w10(3,1)=-2.7655843930e-001; w1(3,1)=-7.6586914352e-001; w1(3,2)=-9.1938356617e-002; w1(3,3)=-1.0154051038e+000; w1(3,4)=8.6951478698e-001; 
w10(4,1)=-1.8506230672e+000; w1(4,1)=-2.6989194403e-001; w1(4,2)=2.4742002465e-001; w1(4,3)=-1.4137952654e-001; w1(4,4)=-2.5154924261e-002; 
w10(5,1)=-1.1921638498e+000; w1(5,1)=7.0488561092e-001; w1(5,2)=-6.4013093989e-001; w1(5,3)=-9.7953006986e-002; w1(5,4)=-1.5205701738e-001; 
w10(6,1)=-1.1360660667e+000; w1(6,1)=-9.4407851826e-001; w1(6,2)=-4.2408572696e-003; w1(6,3)=-3.0569000364e-001; w1(6,4)=7.3468882487e-001; 
w10(7,1)=-3.2351744884e+000; w1(7,1)=-2.7291163014e+000; w1(7,2)=-4.3883905340e+000; w1(7,3)=-3.1328556386e+000; w1(7,4)=1.7227635001e+000; 
w20=-5.3135493242e+000; w2(1)=9.9190561846e-001; w2(2)=2.8377872389e-001; w2(3)=-1.6622420029e+000; w2(4)=-4.7434514651e+000; w2(5)=-1.3476081558e+000; w2(6)=1.5819646569e+000; w2(7)=5.4950331394e-003; 

