
%liczba neuronów ukrytych: 6, liczba wejœæ sieci: 6
%wejœcie 1: u(k-1)
%wejœcie 2: u(k-2)
%wejœcie 3: u(k-3)
%wejœcie 4: u(k-4)
%wejœcie 5: y(k-1)
%wejœcie 6: y(k-2)
%uczenie w trybie ARX
w10(1,1)=-5.6793191106e-001; w1(1,1)=1.6244430043e-002; w1(1,2)=-2.3615408964e-002; w1(1,3)=-2.2368811252e-001; w1(1,4)=-9.6007659369e-002; w1(1,5)=-3.2269435131e-001; w1(1,6)=1.4434882608e-001; 
w10(2,1)=-2.1662051460e+000; w1(2,1)=-6.4172046991e-003; w1(2,2)=1.3780624170e-002; w1(2,3)=-3.3543410203e-001; w1(2,4)=3.5907177227e-001; w1(2,5)=-5.2766887165e-001; w1(2,6)=2.9820430229e-001; 
w10(3,1)=-9.9250839513e-001; w1(3,1)=1.2974413118e+000; w1(3,2)=1.3756132326e+000; w1(3,3)=1.6070072463e+000; w1(3,4)=1.7373994619e+000; w1(3,5)=3.1049563134e+000; w1(3,6)=3.1812758878e+000; 
w10(4,1)=-3.0756809683e-001; w1(4,1)=-2.3966816406e-001; w1(4,2)=-2.7646325954e-002; w1(4,3)=-2.4580544441e-001; w1(4,4)=4.4016174682e-001; w1(4,5)=1.1521855781e+000; w1(4,6)=2.8089186810e-001; 
w10(5,1)=2.8552410642e+000; w1(5,1)=-7.5115305041e-001; w1(5,2)=-9.0130964470e-001; w1(5,3)=-1.0513040404e+000; w1(5,4)=-1.3147389226e+000; w1(5,5)=-2.6992612056e+000; w1(5,6)=-2.6203527871e+000; 
w10(6,1)=-3.6242622089e-001; w1(6,1)=-4.0956057826e-002; w1(6,2)=2.8707923880e-002; w1(6,3)=2.3735820206e-001; w1(6,4)=-1.2356377191e-002; w1(6,5)=-2.7751070944e-001; w1(6,6)=2.2774452486e-002; 
w20=-5.4969807967e+000; w2(1)=-2.4033667664e+000; w2(2)=-3.7842100214e+000; w2(3)=-1.8499646793e-002; w2(4)=2.1577954815e-001; w2(5)=4.4607292188e-003; w2(6)=-1.8295946555e+000; 

