
%liczba neuronów ukrytych: 6, liczba wejœæ sieci: 4
%wejœcie 1: u(k-3)
%wejœcie 2: u(k-4)
%wejœcie 3: y(k-1)
%wejœcie 4: y(k-2)
%uczenie w trybie ARX
w10(1,1)=-1.9771013258e+000; w1(1,1)=-1.4575466784e+000; w1(1,2)=1.0516024668e-001; w1(1,3)=-7.6171962818e-001; w1(1,4)=6.8626574884e-001; 
w10(2,1)=-2.7261582409e-001; w1(2,1)=-5.7101632554e-001; w1(2,2)=2.4552714414e-001; w1(2,3)=-7.2888132031e-001; w1(2,4)=4.3529941138e-001; 
w10(3,1)=-1.4261354797e+000; w1(3,1)=-5.8357196592e-001; w1(3,2)=-3.5365909849e-001; w1(3,3)=-5.4898062557e-001; w1(3,4)=3.3218384177e-001; 
w10(4,1)=-1.8402966245e+000; w1(4,1)=-9.0424104813e-001; w1(4,2)=1.1497277256e-001; w1(4,3)=-4.5937470063e-001; w1(4,4)=3.4461357574e-001; 
w10(5,1)=1.6126301836e+000; w1(5,1)=-4.8878326127e-001; w1(5,2)=8.2358040060e-001; w1(5,3)=7.9829155362e-002; w1(5,4)=-6.7082023434e-001; 
w10(6,1)=-1.7233957813e-001; w1(6,1)=1.7157481700e-001; w1(6,2)=-1.1170266851e-001; w1(6,3)=5.4591817145e-002; w1(6,4)=-9.7085231853e-002; 
w20=-4.6211890272e+000; w2(1)=3.6717529727e+000; w2(2)=-1.5799341907e+000; w2(3)=-1.3320055099e+000; w2(4)=-7.1307460030e+000; w2(5)=-1.3758053444e+000; w2(6)=-6.0694424092e+000; 

